HST                     
1 20580U 90037B   24196.20846685  .00006513  00000+0  30161-3 0  9993
2 20580  28.4673 164.0408 0002373 331.2893  28.7568 15.18073345681406
POLAR                   
1 23802U 96013A   24195.08309221  .00000252  00000+0  00000+0 0  9997
2 23802  79.1438 234.4025 5889131 232.8783  57.6205  1.29847232135694
SWAS                    
1 25560U 98071A   24196.15364995  .00003303  00000+0  26804-3 0  9998
2 25560  69.8967 229.8885 0009764 256.9501 103.0569 15.00630203391693
CXO                     
1 25867U 99040B   24196.95371964  .00000503  00000+0  00000+0 0  9992
2 25867  41.7356 151.3405 8861255 298.1871   0.4425  0.37811792 14677
XMM-NEWTON              
1 25989U 99066A   24198.34666147  .00000125  00000+0  00000+0 0  9990
2 25989  67.6756 292.4833 5115512  76.7063   0.2344  0.50138998 33857
TERRA                   
1 25994U 99068A   24196.51466699  .00000891  00000+0  19567-3 0  9997
2 25994  98.0467 259.1988 0000572 287.9419 184.7064 14.59860855307158
CLUSTER II-FM7 (SAMBA)  
1 26410U 00041A   24196.47159834  .00001289  00000+0  00000+0 0  9999
2 26410 139.6260 359.1331 7553647 214.1213 359.3721  0.44218311 17178
CLUSTER II-FM6 (SALSA)  
1 26411U 00041B   24196.37598068  .00005462  00000+0  00000+0 0  9992
2 26411 149.1106  30.2784 9050079 246.0191 359.3878  0.44247168 17237
CLUSTER II-FM5 (RUMBA)  
1 26463U 00045A   24196.45386184  .00004230  00000+0  00000+0 0  9998
2 26463 151.0355  22.6193 8588976 238.2547 359.3552  0.44224050 17100
CLUSTER II-FM8 (TANGO)  
1 26464U 00045B   24196.47165145  .00001290  00000+0  00000+0 0  9996
2 26464 139.6462 359.1422 7553038 214.1425 359.3451  0.44220042 17186
ODIN                    
1 26702U 01007A   24196.53477213  .00017090  00000+0  71205-3 0  9993
2 26702  97.4785 211.6133 0008767 168.2911 191.8531 15.23750758281677
TIMED                   
1 26998U 01055B   24196.48057977  .00002006  00000+0  20384-3 0  9991
2 26998  74.0687 206.5780 0002701 262.7161  97.3715 14.91544508226037
INTEGRAL                
1 27540U 02048A   24195.57333213 -.00000341  00000+0  00000+0 0  9997
2 27540  89.4552  19.6324 8640612 281.2288   6.4323  0.37575647 23980
CORIOLIS                
1 27640U 03001A   24196.01223904  .00000271  00000+0  14924-3 0  9998
2 27640  98.7126 202.8019 0015299  78.8440 281.4456 14.19498956114409
SORCE                   
1 27651U 03004A   24195.74233633  .00004447  00000+0  40662-3 0  9999
2 27651  39.9934 293.8152 0020054  63.7469 296.5381 14.95425481166220
MOST                    
1 27843U 03031D   24195.95441930  .00000202  00000+0  11311-3 0  9990
2 27843  98.7056 202.5433 0010931 119.4529 240.7740 14.20980075 90824
SCISAT 1                
1 27858U 03036A   24195.91805880  .00001571  00000+0  21588-3 0  9992
2 27858  73.9321 126.8179 0007719 338.4901  21.5949 14.79289582127367
SWIFT                   
1 28485U 04047A   24195.76460443  .00014971  00000+0  65209-3 0  9993
2 28485  20.5576 350.8263 0007441 264.4118  95.5470 15.19853585 78222
CALIPSO                 
1 29108U 06016B   24195.91107677  .00002783  00000+0  51819-3 0  9998
2 29108  98.4192 178.4436 0001368  80.6494 279.4863 14.65914870969869
HINODE (SOLAR-B)        
1 29479U 06041A   24196.50115213  .00001634  00000+0  30271-3 0  9991
2 29479  98.0880 211.4489 0017855 359.6931   0.4259 14.66550224951793
SHIJIAN-6 02A (SJ-6 02A)
1 29505U 06046A   24196.49750571  .00008848  00000+0  64746-3 0  9994
2 29505  97.7197 223.5371 0004340  44.2377 315.9195 15.03818902966263
SHIJIAN-6 02B (SJ-6 02B)
1 29506U 06046B   24196.51153060  .00001711  00000+0  15192-3 0  9991
2 29506  97.7384 221.1586 0001607 158.0066 202.1225 14.97484641965425
FGRST (GLAST)           
1 33053U 08029A   24196.20738936  .00004959  00000+0  22815-3 0  9990
2 33053  25.5837  23.7124 0010247 351.3672   8.6687 15.17035129888908
WISE                    
1 36119U 09071A   24196.14898245  .00070487  00000+0  63084-3 0  9999
2 36119  97.1412 233.1655 0002635 105.6006 254.5547 15.68134677812488
SDO                     
1 36395U 10005A   24196.25584897 -.00000077  00000+0  00000+0 0  9995
2 36395  33.1777  97.1702 0000658 167.1461  18.3177  1.00270290 52989
CRYOSAT 2               
1 36508U 10013A   24195.89082700  .00000374  00000+0  92025-4 0  9997
2 36508  92.0338 107.5138 0003077 142.9029 217.2391 14.51901066756037
X-SAT                   
1 37389U 11015C   24196.51727881  .00000244  00000+0  12227-3 0  9995
2 37389  98.2932 198.9977 0012913 244.9021 115.0819 14.24725364688121
GCOM-W1 (SHIZUKU)       
1 38337U 12025A   24195.85734965  .00001230  00000+0  28315-3 0  9999
2 38337  98.2031 135.4827 0001337  80.7017 344.2461 14.57090668646619
NUSTAR                  
1 38358U 12031A   24196.58334491  .00019901  00000+0  16256-2 0  9994
2 38358   6.0257 221.7530 0010439 181.4872 272.3693 14.96663799658402
NEOSSAT                 
1 39089U 13009D   24195.74571978  .00000357  00000+0  13971-3 0  9999
2 39089  98.4049  22.4120 0011160 177.1668 182.9583 14.35199536595811
BRITE-AUSTRIA           
1 39091U 13009F   24196.50044608  .00000422  00000+0  16048-3 0  9993
2 39091  98.3859  23.3072 0010497 171.7687 188.3673 14.35839653596194
IRIS                    
1 39197U 13033A   24196.50816096  .00002315  00000+0  29565-3 0  9996
2 39197  97.9643  27.0044 0027436  92.3800 268.0555 14.82152805596153
HISAKI (SPRINT-A)       
1 39253U 13049A   24196.41698570  .00000151  00000+0  11899-3 0  9998
2 39253  29.7170 192.5993 0137054  79.9106 281.6897 13.55404930537044
CASSIOPE                
1 39265U 13055A   24196.44788669  .00021797  00000+0  45094-3 0  9993
2 39265  80.9531 165.3981 0493085 182.0695 177.8488 14.71239194562384
STSAT-3                 
1 39422U 13066G   24196.53163381  .00004003  00000+0  36841-3 0  9999
2 39422  97.5207 174.9227 0019173 268.0613  91.8412 14.95149550578908
SWARM B                 
1 39451U 13067A   24195.95539435  .00005066  00000+0  23000-3 0  9997
2 39451  87.7523 194.5149 0003007  92.4137 267.7453 15.20575308576069
SWARM A                 
1 39452U 13067B   24196.10475965  .00009853  00000+0  30850-3 0  9992
2 39452  87.3436 313.4159 0002313  82.7320 277.4194 15.32964129597932
SWARM C                 
1 39453U 13067C   24195.90880243  .00009236  00000+0  28916-3 0  9994
2 39453  87.3435 312.0784 0002329  82.1549 277.9966 15.32959870597811
BRITE-CA1 (TORONTO)     
1 40020U 14033L   24196.39346433  .00001538  00000+0  25407-3 0  9991
2 40020  97.8809 332.5643 0083007   6.2493 353.9728 14.69547310538976
OCO 2                   
1 40059U 14035A   24195.91085674  .00001084  00000+0  25046-3 0  9994
2 40059  98.2028 136.2860 0001125 101.2319 258.9006 14.57133524533636
BRITE-PL2 (HEWELIUSZ)   
1 40119U 14049B   24196.23240548  .00003605  00000+0  38793-3 0  9999
2 40119  97.8839 295.7818 0014393 275.4974  84.4601 14.89056268536690
RESURS-P 2              
1 40360U 14087A   24196.51190275  .00035357  00000+0  41976-3 0  9997
2 40360  97.1506 283.2796 0006291 181.5046 178.6194 15.61087588535326
MMS 1                   
1 40482U 15011A   24196.58334491 -.00001330  00000+0  00000+0 0  9991
2 40482  49.4746   9.4632 9080960 148.1355  47.8905  0.28405908 15451
MMS 2                   
1 40483U 15011B   24196.58334491 -.00001330  00000+0  00000+0 0  9992
2 40483  49.4766   9.4604 9080993 148.1399  47.5820  0.28399372 15435
MMS 3                   
1 40484U 15011C   24196.58334491 -.00001330  00000+0  00000+0 0  9993
2 40484  49.4725   9.4659 9081026 148.1325  47.6828  0.28404365 15436
MMS 4                   
1 40485U 15011D   24196.58334491 -.00001333  00000+0  00000+0 0  9997
2 40485  49.4791   9.4582 9081856 148.1419  46.0783  0.28362880 15438
ASTROSAT                
1 40930U 15052A   24190.16334780  .00002172  00000+0  20058-3 0  9996
2 40930   5.9957 208.8332 0008415   8.5625 351.4646 14.79076792474526
DAMPE                   
1 41173U 15078A   24196.51807496  .00002302  00000+0  88671-4 0  9999
2 41173  97.4305 189.9390 0014223  51.3539 308.8971 15.27292243477150
PISAT                   
1 41784U 16059B   24196.52320021  .00001793  00000+0  33342-3 0  9999
2 41784  97.8329 217.2844 0029045 287.4244  72.3785 14.66040862416665
HXMT (HUIYAN)           
1 42758U 17034A   24196.53267313  .00009589  00000+0  51649-3 0  9991
2 42758  43.0135 123.4506 0014385 323.5937  36.3930 15.14881222391009
FLYING LAPTOP           
1 42831U 17042G   24195.88305382  .00002662  00000+0  24609-3 0  9999
2 42831  97.3871  15.2835 0012480 353.3634   6.7420 14.95306831381125
ZHANGHENG 1 (CSES)      
1 43194U 18015C   24196.51445140  .00015806  00000+0  70935-3 0  9998
2 43194  97.6128 340.5092 0012031  65.3418 294.9069 15.21210632357842
SALSAT                  
1 46495U 20068K   24195.85406508  .00008391  00000+0  47076-3 0  9998
2 46495  97.8168 155.8257 0012663 215.5732 144.4655 15.13558191208340
IXPE                    
1 49954U 21121A   24195.91667824  .00007128  00000+0  51195-3 0  9993
2 49954   0.2286 195.2553 0009600 316.8597 300.1319 14.98525201  5497
